DIMENSION: 150 cidades
D = [
   [0,1692,2252,1103,2522, 396,1446, 424,1424, 749, 902,1546,2553,2378,1014,1259,1017,1167, 813,1404, 885,1329, 882,1206,1194,1510,1571, 415,2080,2144, 886, 790,2640,1803,1576,1172,2518,1224,2102,1358,2697, 661,2250,1668, 923,2114, 429,2522, 442,1706,1128,2474,1010,1394,1707, 795,1359, 718,1030,1152,1043,1259, 288,1365,1250,1286, 593,1617,1240,1386,2635, 801,1531, 941, 628,2648,1048,2442,1007, 862,1219,2186,1715, 888,1733,1508,1254,1219, 806, 643, 752, 302, 412,1358,2431,2376, 814, 782,1468,2643,2097,1513,2662,1370, 473, 846,2055, 824, 719,1016,1508,2057, 532,1548,1989,1951,1502,1370,1018,1974,2125, 709,2146,1471,1146,2327,1113,2413,1546,  77, 419,2139, 729,1000,1676,2409,1098, 936, 648,1494,1007, 426, 878,1521,1277,2649,2271, 533,1724,1382  ],
[1692,   0,1708,2402,1185,2056,1391,1619,1342,2441,2358,1606, 969,1661,2445,2830,2455,2836,2310,1603,2501,2896,1921,2894, 893,2670,1737,1363,1500,1190,1592,2165,1069,1451,1893,2857,1143,2917, 961, 336,1984,1536,1834, 256,2124,1636,1932,1595,2094, 416,1146,1302,2577, 331,1529,1902,1400,1160,2626,1851,1006,1802,1979, 331,2526,2618,1102, 710, 573,2887,1901,2458, 462,2543,2076,1045,1663,1262,2647,1670, 842, 569,1513,2581, 832,1752,1218,2806,1419,2301,1978,1769,1399,2963, 793,1200,2093,1911,3155,1830,1059,3205,1147,3062,1221,2489,1150, 941,2045,1671,3201,1332,2201, 281,1852, 446,1362,2475,2107,1856,1170,1574,1814,2631,1129, 681,2743,2027,2800,1626,1616,1447,1230,2585,1160,1843,2727,1066,1802,1118,2596,1266,1975, 209,1213,1104, 876,1187,1629,1770  ],
[2252,1708,   0,3332,1073,2622, 811,2501, 829,2793,2264, 782,1532, 221,2279,3482,2292,3286,3065, 934,2582,3551,1703,3245,1183,3716, 846,1855, 214, 592,2769,2086,1532, 448, 983,3047,1133,3215, 850,1730, 450,2591, 171,1452,1895, 139,2138, 507,2669,1292,1137, 823,3246,1827, 567,2916, 902,1572,2625,1377,1275,1227,2473,1650,3479,3529,1872,1020,1423,3630, 401,2640,1287,2582,2870,1615,1333, 832,3193,2811,1192,1530, 552,2913, 880, 926,1001,3435,2587,2842,1885,2515,1845,3554,1633, 826,3018,1786,3314, 454, 722,3419,1419,3312,1945,3041, 588,1603,1997,1368,3457, 379,2497,1465, 482,1375, 751,3549,3161, 503, 604,2651, 253,3675,1123,1630,2776, 330,3779,2238,1875, 270,2356,3228, 644, 161,3288,2340,2767, 803,2595,2012,3007,1581, 979,1477,1152,2078, 596,1075  ],
[1103,2402,3332,   0,3447, 822,2538, 850,2511,1030,1695,2649,3362,3441,1794, 624,1789, 928, 372,2508,1444, 660,1928,1101,2203, 417,2675,1478,3149,3152, 844,1696,3458,2886,2674,1336,3428,1189,3060,2087,3771, 867,3343,2479,1895,3197,1394,3555, 785,2568,2195,3447, 497,2071,2801, 500,2454,1763,1572,2235,2076,2353, 973,2131, 147, 216,1502,2575,2132, 554,3704,1293,2416,1507, 477,3443,2147,3412, 718, 758,2215,2965,2808,1061,2712,2611,2332, 644, 992, 747,1760, 819,1491, 784,3196,3344, 324,1821,1498,3701,3081,1445,3515,1323,1406, 693,3067,1782,1684,2115,1383,3103,1163,2366,3091,2775,2589, 335, 340,3077,3131, 828,3243, 381,2210,3083,1542,3510, 446,1102,1519,3195,1173, 543,2727,3492, 715,1346, 611,2548,1570,1338, 434,2296,2353,3484,3161,1316,2824,2482  ],
[2522,1185,1073,3447,   0,2919,1423,2605,1400,3218,2883,1552, 502, 890,2934,3770,2946,3681,3277,1655,3135,3839,2328,3691,1343,3765,1675,2113, 972, 553,2700,2683, 474,1178,1851,3569,  69,3688, 437,1413,1079,2593,1244,1007,2548,1107,2591, 652,2964, 887,1498, 259,3515,1468,1342,2961,1499,1818,3221,2087,1506,1965,2799,1349,3583,3661,1971, 905,1316,3869,1007,3145,1030,3156,3049, 564,1957, 242,3530,2768,1310, 704,1319,3354, 805,1738,1442,3734,2515,3166,2468,2701,2128,3879, 670, 253,3124,2373,3863, 894, 499,3943, 347,3814,2083,3368, 622,1704,2569,1984,3960, 803,2933,1103,1488, 739,1353,3574,3189,1505, 556,2643,1306,3724,1474, 721,3364,1375,3873,2477,2268, 849,2297,3512,1034,1118,3621,2182,2836,1174,3189,2147,3044,1197,1421, 411, 309,2136,1436,1847  ],
[396,2056,2622, 822,2919,   0,1812, 533,1793, 436, 907,1891,2940,2758,1014, 867,1012, 781, 473,1743, 737, 937,1110, 843,1590,1238,1899, 811,2458,2538, 944, 880,3029,2175,1879, 876,2914, 878,2499,1720,3071, 764,2610,2050,1074,2484, 574,2911,  47,2096,1513,2870, 623,1745,2068, 697,1722,1113, 886,1428,1437,1555, 157,1735, 960, 970, 973,2014,1630,1007,3011, 604,1922, 802, 374,3034,1361,2838, 611, 886,1616,2567,2078, 560,2130,1830,1633, 825, 942, 249, 938, 329, 804, 962,2811,2773, 609,1002,1154,3024,2493,1177,3054,1030, 854, 449,2449,1218, 862,1326,1160,2444, 382,1931,2329,2337,1871,1134, 854,2313,2520, 785,2502,1203,1533,2705, 918,2764,1238, 444, 750,2522, 960, 609,2063,2777, 701,1182, 599,1881, 872, 798, 752,1895,1656,3040,2665, 870,2075,1692  ],
[1446,1391, 811,2538,1423,1812,   0,1724,  50,1989,1511, 216,1709, 963,1545,2670,1557,2480,2259, 242,1806,2740, 942,2447, 555,2931, 345,1062, 663, 894,2040,1320,1756, 366, 508,2265,1453,2423,1005,1258,1261,1843, 805,1165,1153, 672,1332,1164,1859,1051, 382,1263,2435,1362, 264,2144,  93, 800,1866, 666, 561, 541,1662,1187,2685,2729,1130, 740, 895,2820,1205,1850, 934,1814,2070,1810, 560,1245,2382,2071, 593,1508, 269,2112, 714, 369, 237,2624,1867,2031,1108,1719,1046,2744,1707,1196,2229,1009,2544,1231, 925,2641,1701,2527,1182,2230, 811, 893,1219, 592,2673, 705,1692,1110, 590,1265,  73,2770,2388, 582, 884,1904, 706,2890, 378,1651,2015, 975,2984,1437,1064, 751,1644,2417, 390, 965,2477,1676,1992, 296,1835,1246,2235,1199, 225,1728,1309,1336, 310, 436  ],
[424,1619,2501, 850,2605, 533,1724,   0,1693, 969,1307,1858,2553,2600,1420,1210,1421,1257, 691,1728,1228,1276,1295,1350,1355,1216,1904, 670,2312,2301, 464,1210,2648,2059,1934,1410,2590,1397,2212,1288,2933, 247,2524,1660,1347,2369, 849,2706, 553,1736,1365,2598, 958,1293,1988, 420,1646, 930,1379,1539,1233,1630, 554,1320, 993,1061, 651,1725,1289,1275,2865,1113,1577,1291, 456,2641,1411,2563,1047, 438,1365,2163,1992,1092,1862,1849,1506,1187, 416, 738,1175, 206, 696,1345,2402,2495, 527,1199,1683,2857,2231,1698,2693,1552, 560, 898,2216, 931,1143,1383,1673,2257, 856,1544,2298,1956,1769,1047, 663,2285,2281, 288,2430,1174,1378,2292,1433,2699,1292, 371, 805,2352, 436, 968,1884,2662,1120, 657, 267,1708,1360, 491, 511,1486,1526,2668,2327, 469,2023,1737  ],
[1424,1342, 829,2511,1400,1793,  50,1693,   0,1980,1518, 266,1674, 972,1555,2654,1568,2471,2237, 281,1807,2724, 950,2442, 506,2902, 394,1033, 671, 878,2002,1325,1723, 381, 555,2265,1427,2419, 977,1208,1277,1807, 832,1116,1165, 690,1324,1163,1840,1005, 341,1246,2417,1311, 297,2112,  99, 765,1872, 687, 517, 569,1645,1137,2658,2704,1092, 696, 845,2801,1219,1848, 886,1817,2045,1776, 569,1227,2369,2034, 543,1466, 299,2105, 675, 415, 195,2608,1827,2015,1112,1692,1020,2730,1668,1176,2201,1013,2546,1240, 901,2642,1671,2525,1147,2216, 792, 851,1221, 600,2672, 699,1684,1061, 632,1222,  78,2740,2356, 625, 866,1868, 737,2861, 336,1610,2020,1006,2958,1412,1048, 752,1604,2400, 366, 985,2464,1632,1960, 255,1840,1212,2203,1149, 181,1696,1277,1299, 353, 473  ],
[749,2441,2793,1030,3218, 436,1989, 969,1980,   0, 721,2024,3286,2952, 802, 769, 794, 493, 664,1871, 420, 829,1136, 473,1874,1416,2003,1117,2651,2792,1366, 795,3371,2355,1944, 441,3220, 478,2786,2107,3244,1197,2755,2409,1017,2654, 656,3136, 420,2437,1749,3141, 617,2141,2226,1078,1896,1401, 542,1481,1712,1626, 465,2114,1136,1102,1340,2315,1973, 969,3192, 269,2259, 480, 712,3383,1469,3113, 454,1301,1908,2927,2240, 140,2415,1926,1848, 713,1376, 300, 945, 764,1095, 791,3172,3050, 933,1035, 725,3220,2764, 764,3383, 621,1221, 362,2702,1552, 838,1433, 761,2666, 296,2290,2442,2687,2056,1365,1179,2423,2776,1215,2639,1388,1771,3070, 525,2889,1359, 817, 956,2731,1393, 576,2292,2940, 541,1614,1009,2113, 541,1175,1113,2268,1871,3376,2984,1272,2214,1777  ],
[902,2358,2264,1695,2883, 907,1511,1307,1518, 721,   0,1483,3056,2450, 113,1487, 115,1161,1323,1334, 348,1544, 569,1060,1592,2102,1427,1026,2158,2390,1771, 201,3126,1859,1329, 804,2899,1004,2446,2052,2705,1553,2196,2252, 370,2130, 485,2672, 931,2231,1391,2757,1334,2118,1706,1592,1421,1199, 361, 888,1431,1039, 791,2031,1819,1800,1324,2027,1807,1690,2664, 467,2054, 328,1280,3158, 951,2735,1173,1733,1638,2745,1725, 781,2088,1346,1442,1430,1707, 954, 415,1127, 982,1491,2984,2679,1516, 509,1053,2712,2394,1164,3108,1071,1231,1078,2302,1417, 321, 918,1210,2216, 534,2142,1855,2489,1584,2022,1761,1835,2377,1595,2075,2070,1415,2896, 512,2303,2064, 974, 750,2257,1623,1294,1873,2396,1256,1818,1472,1713, 331,1222,1655,2157,1463,3116,2700,1368,1668,1194  ],
[1546,1606, 782,2649,1552,1891, 216,1858, 266,2024,1483,   0,1876, 969,1501,2735,1514,2518,2352, 153,1800,2804, 921,2469, 767,3050, 136,1188, 685,1005,2201,1304,1916, 395, 312,2265,1589,2437,1154,1473,1227,1996, 731,1376,1114, 647,1375,1207,1938,1258, 570,1366,2508,1576, 229,2279, 240, 955,1843, 598, 756, 452,1737,1403,2796,2833,1296, 943,1109,2896,1183,1861,1147,1800,2174,1975, 555,1354,2438,2226, 807,1700, 250,2140, 899, 185, 435,2686,2033,2096,1104,1832,1166,2797,1889,1312,2348,1005,2532,1229,1059,2637,1849,2530,1334,2291, 930,1078,1216, 591,2675, 780,1730,1325, 442,1463, 248,2897,2521, 428, 998,2056, 616,3010, 572,1839,1994, 873,3092,1547,1142, 796,1816,2487, 546, 919,2532,1863,2125, 498,1813,1395,2369,1415, 428,1882,1471,1498, 189, 308  ],
[2553, 969,1532,3362, 502,2940,1709,2553,1674,3286,3056,1876,   0,1370,3122,3756,3133,3720,3243,1950,3267,3824,2531,3755,1464,3639,2008,2170,1397, 956,2561,2854, 100,1542,2186,3672, 433,3765, 733,1274,1580,2494,1701, 894,2751,1541,2702,1150,2982, 849,1674, 755,3501,1296,1693,2863,1767,1900,3371,2342,1626,2240,2840,1234,3489,3578,1967,1033,1314,3829,1507,3254,1028,3298,3009, 102,2186, 730,3547,2637,1419, 399,1670,3426,1002,2059,1660,3727,2386,3189,2644,2682,2195,3880, 215, 715,3047,2557,3971,1395, 850,4038, 224,3901,2086,3386, 996,1734,2735,2207,4045,1209,3019,1013,1900, 603,1646,3444,3074,1914, 950,2535,1746,3600,1651, 315,3505,1849,3767,2497,2372,1282,2188,3504,1330,1597,3633,2034,2755,1423,3340,2143,2939,1068,1643, 154, 407,2097,1796,2145  ],
[2378,1661, 221,3441, 890,2758, 963,2600, 972,2952,2450, 969,1370,   0,2470,3622,2483,3443,3190,1116,2760,3692,1884,3410,1254,3816,1046,1972, 301, 482,2838,2267,1360, 598,1192,3222, 954,3385, 740,1727, 343,2672, 379,1410,2083, 329,2295, 287,2805,1248,1250, 633,3381,1819, 743,3008,1056,1679,2810,1567,1367,1420,2612,1647,3587,3642,1958,1013,1450,3763, 267,2811,1273,2763,2986,1446,1507, 649,3340,2885,1254,1415, 725,3075, 863,1125,1124,3577,2652,2984,2061,2629,1967,3701,1490, 655,3122,1962,3495, 268, 619,3597,1238,3486,2040,3186, 511,1682,2172,1541,3632, 359,2655,1441, 702,1290, 896,3643,3252, 723, 499,2730, 474,3774,1233,1500,2961, 485,3887,2358,2017, 250,2421,3366, 715, 228,3435,2384,2862, 892,2779,2108,3098,1558,1102,1300,1012,2160, 790,1270  ],
[1014,2445,2279,1794,2934,1014,1545,1420,1555, 802, 113,1501,3122,2470,   0,1560,  13,1219,1422,1355, 402,1615, 606,1105,1661,2198,1436,1125,2183,2432,1884, 280,3190,1884,1326, 830,2953,1042,2499,2144,2715,1666,2203,2332, 391,2146, 595,2700,1037,2305,1451,2800,1418,2212,1728,1702,1457,1285, 370, 902,1502,1051, 902,2120,1915,1893,1425,2090,1889,1767,2677, 538,2129, 364,1386,3224, 986,2779,1248,1846,1708,2819,1747, 848,2146,1354,1492,1502,1820,1049, 478,1240,1080,1555,3056,2724,1622, 565,1057,2730,2442,1175,3168,1094,1334,1163,2345,1507, 400, 956,1228,2249, 637,2223,1857,2562,1618,2123,1868,1836,2419,1708,2081,2167,1474,2970, 516,2301,2155,1086, 846,2285,1734,1378,1915,2406,1328,1927,1584,1760, 345,1328,1764,2242,1513,3178,2760,1475,1683,1204  ],
[1259,2830,3482, 624,3770, 867,2670,1210,2654, 769,1487,2735,3756,3622,1560,   0,1552, 399, 523,2584,1162,  70,1885, 578,2452, 839,2730,1674,3322,3403,1387,1562,3848,3035,2688, 876,3761, 674,3356,2498,3931,1333,3462,2861,1783,3343,1367,3778, 820,2924,2380,3731, 255,2503,2922,1020,2579,1977,1247,2226,2302,2365,1010,2527, 630, 534,1802,2868,2464, 214,3873,1023,2756,1211, 755,3845,2189,3699, 315,1301,2476,3370,2933, 714,2990,2656,2499,  58,1495, 640,1696,1075,1670, 160,3611,3633, 804,1780, 950,3889,3355, 870,3885, 773,1687, 445,3314,2065,1595,2154, 798,3311,1030,2743,3166,3155,2732, 889, 945,3149,3385,1315,3350, 829,2400,3501,1164,3608, 711,1296,1607,3388,1623, 259,2930,3635, 232,1828,1064,2748,1257,1624, 989,2692,2521,3865,3506,1658,2922,2511  ],
[1017,2455,2292,1789,2946,1012,1557,1421,1568, 794, 115,1514,3133,2483,  13,1552,   0,1209,1417,1368, 392,1606, 619,1094,1672,2192,1449,1132,2196,2444,1885, 289,3202,1897,1339, 818,2965,1031,2511,2152,2728,1668,2216,2342, 404,2159, 599,2713,1034,2315,1462,2812,1411,2220,1741,1701,1470,1294, 358, 915,1513,1064, 901,2129,1910,1887,1432,2102,1899,1759,2690, 529,2140, 354,1383,3235, 999,2791,1240,1846,1719,2830,1760, 839,2157,1367,1504,1494,1822,1044, 489,1240,1088,1545,3067,2737,1620, 576,1044,2743,2454,1162,3179,1082,1341,1156,2357,1516, 409, 968,1215,2262, 634,2233,1870,2573,1631,2119,1866,1849,2432,1709,2094,2162,1486,2981, 504,2314,2148,1089, 854,2298,1738,1370,1928,2419,1319,1932,1583,1773, 333,1334,1762,2252,1525,3190,2772,1481,1696,1217  ],
[1167,2836,3286, 928,3681, 781,2480,1257,2471, 493,1161,2518,3720,3443,1219, 399,1209,   0, 671,2364, 817, 431,1624, 181,2340,1218,2495,1567,3142,3271,1548,1269,3808,2847,2432, 478,3679, 276,3254,2500,3737,1438,3249,2831,1490,3147,1148,3622, 742,2873,2230,3615, 433,2521,2719,1198,2387,1863, 879,1970,2181,2116, 883,2517, 977, 899,1754,2775,2407, 612,3684, 697,2698, 857, 853,3814,1962,3586, 229,1468,2371,3348,2733, 386,2882,2418,2334, 346,1615, 535,1433,1076,1552, 341,3593,3522, 996,1525, 572,3711,3238, 517,3829, 395,1634, 359,3181,1991,1324,1927, 462,3152, 788,2712,2934,3117,2547,1237,1198,2915,3254,1436,3133,1202,2252,3487, 780,3382,1104,1223,1437,3220,1693, 390,2777,3433, 213,1912,1191,2597, 894,1579,1195,2677,2357,3817,3436,1649,2707,2268  ],
[813,2310,3065, 372,3277, 473,2259, 691,2237, 664,1323,2352,3243,3190,1422, 523,1417, 671,   0,2206,1074, 587,1583, 819,1981, 780,2366,1218,2893,2937, 889,1331,3336,2617,2351,1007,3264, 896,2871,1979,3511, 813,3062,2349,1535,2928,1046,3326, 431,2419,1939,3252, 279,1982,2519, 530,2172,1517,1205,1902,1840,2027, 630,2011, 497, 497,1306,2382,1963, 592,3448, 923,2254,1138, 234,3331,1830,3218, 441, 806,2001,2854,2528, 711,2510,2298,2067, 506, 979, 375,1408, 576,1223, 667,3093,3151, 325,1475,1209,3454,2879,1179,3378,1044,1196, 357,2849,1577,1326,1796,1131,2864, 793,2231,2792,2644,2315, 705, 542,2776,2917, 798,2957, 747,1956,2983,1183,3222, 765, 832,1210,2949,1100, 303,2484,3223, 482,1306, 546,2302,1202,1130, 524,2177,2089,3355,3005,1148,2533,2163  ],
[1404,1603, 934,2508,1655,1743, 242,1728, 281,1871,1334, 153,1950,1116,1355,2584,1368,2364,2206,   0,1648,2652, 769,2316, 730,2911, 180,1058, 827,1116,2085,1153,1997, 530, 293,2113,1688,2283,1243,1440,1380,1875, 884,1386, 967, 797,1222,1346,1789,1282, 501,1483,2358,1542, 372,2148, 203, 844,1694, 455, 686, 315,1588,1374,2654,2689,1188, 976,1077,2746,1335,1708,1154,1649,2032,2052, 402,1468,2285,2106, 775,1748, 391,1986, 956, 155, 390,2534,1921,1946, 951,1694,1033,2645,1949,1422,2211, 852,2381,1379,1157,2485,1939,2378,1217,2140,1036, 990,1063, 437,2523, 906,1577,1323, 586,1502, 306,2761,2389, 570,1108,1936, 769,2871, 509,1891,1845,1024,2950,1408, 995, 932,1709,2336, 627,1073,2380,1770,1995, 536,1663,1275,2238,1404, 391,1968,1550,1386, 343, 194  ],
[885,2501,2582,1444,3135, 737,1806,1228,1807, 420, 348,1800,3267,2760, 402,1162, 392, 817,1074,1648,   0,1215, 879, 711,1810,1836,1754,1138,2464,2665,1671, 496,3344,2163,1666, 465,3146, 657,2698,2179,3027,1473,2522,2426, 705,2445, 571,2970, 745,2426,1637,3027,1034,2231,2018,1432,1714,1372, 150,1215,1645,1366, 674,2170,1555,1522,1415,2253,1979,1370,2983, 151,2246,  66,1083,3368,1252,3002, 852,1619,1852,2935,2035, 447,2332,1674,1708,1103,1644, 700, 698,1027,1102,1152,3178,2943,1316, 798, 738,3025,2657, 837,3338, 733,1306, 781,2575,1566, 587,1218, 876,2506, 371,2311,2188,2683,1877,1779,1565,2168,2650,1504,2402,1807,1661,3083, 241,2637,1778, 962, 898,2557,1607, 991,2150,2718, 929,1819,1336,1981, 135,1279,1480,2310,1731,3340,2931,1408,1988,1521  ],
[1329,2896,3551, 660,3839, 937,2740,1276,2724, 829,1544,2804,3824,3692,1615,  70,1606, 431, 587,2652,1215,   0,1950, 604,2522, 842,2797,1745,3392,3474,1442,1624,3916,3105,2754, 910,3830, 700,3426,2565,4001,1394,3530,2929,1845,3412,1434,3848, 890,2993,2450,3801, 324,2569,2991,1075,2649,2047,1295,2291,2372,2431,1079,2595, 652, 549,1871,2938,2533, 186,3943,1078,2825,1262, 820,3913,2257,3769, 376,1355,2546,3437,3002, 767,3060,2723,2569, 118,1554, 709,1761,1144,1740, 133,3678,3703, 859,1846, 963,3959,3425, 875,3954, 788,1757, 512,3384,2134,1659,2221, 800,3381,1095,2811,3234,3223,2801, 906, 989,3217,3455,1374,3419, 835,2470,3568,1206,3676, 703,1366,1676,3458,1686, 329,3000,3704, 288,1890,1124,2818,1306,1694,1040,2760,2591,3933,3575,1726,2991,2578  ],
[882,1921,1703,1928,2328,1110, 942,1295, 950,1136, 569, 921,2531,1884, 606,1885, 619,1624,1583, 769, 879,1950,   0,1560,1083,2345, 878, 749,1591,1825,1739, 383,2596,1291, 808,1344,2348,1521,1894,1647,2148,1510,1644,1778, 220,1567, 537,2104,1151,1733, 856,2193,1683,1729,1141,1676, 853, 785, 926, 345, 934, 493, 955,1610,2069,2080,1029,1498,1350,2066,2104, 947,1563, 879,1458,2634, 382,2172,1575,1729,1132,2246,1158,1239,1545, 798, 887,1832,1621,1266, 191,1180, 702,1926,2478,2117,1674, 107,1612,2148,1835,1716,2568,1610, 978,1443,1738,1018, 301, 350,1754,1647, 855,1677,1315,1988,1015,2224,1893,1296,1813,1565,1524,2308, 880,2397,1077,1764,2349, 924, 502,1689,1468,1653,1308,1839,1667,1618,1530,1154, 895,1001,1757,1712, 907,2581,2161,1153,1109, 647  ],
[1206,2894,3245,1101,3691, 843,2447,1350,2442, 473,1060,2469,3755,3410,1105, 578,1094, 181, 819,2316, 711, 604,1560,   0,2348,1399,2437,1588,3110,3263,1676,1190,3840,2813,2363, 313,3693,  96,3260,2558,3695,1549,3199,2873,1408,3107,1120,3601, 810,2906,2220,3614, 603,2586,2678,1337,2354,1875, 748,1904,2186,2053, 917,2569,1156,1079,1799,2788,2441, 788,3645, 613,2728, 740, 979,3851,1914,3586, 386,1599,2382,3391,2693, 338,2888,2358,2315, 526,1728, 612,1370,1159,1567, 500,3636,3523,1144,1466, 397,3678,3237, 361,3855, 225,1678, 476,3173,2020,1259,1878, 324,3132, 763,2754,2875,3154,2516,1414,1356,2856,3247,1552,3081,1383,2242,3533, 633,3324,1286,1269,1428,3194,1787, 558,2760,3388, 391,2008,1315,2583, 767,1628,1342,2727,2338,3846,3457,1712,2659,2207  ],
[1194, 893,1183,2203,1343,1590, 555,1355, 506,1874,1592, 767,1464,1254,1661,2452,1672,2340,1981, 730,1810,2522,1083,2348,   0,2567, 885, 779, 980, 955,1587,1390,1536, 774,1023,2231,1346,2345, 913, 710,1594,1417,1242, 708,1299,1062,1254,1352,1636, 650, 254,1280,2201, 812, 771,1757, 535, 478,1909, 963, 164, 909,1462, 644,2347,2410, 706, 444, 347,2569,1521,1809, 483,1838,1765,1565, 780,1248,2198,1632,  51,1163, 764,2011, 542, 884, 340,2413,1403,1833,1182,1407, 789,2552,1397,1183,1881,1098,2528,1505, 903,2604,1528,2473, 796,2037, 867, 427,1271, 792,2619, 905,1590, 622,1118, 905, 554,2391,1999,1114, 935,1475,1172,2525, 236,1314,2045,1434,2647,1157, 927,1004,1172,2193, 542,1344,2290,1163,1612, 383,1877, 865,1846, 686, 341,1530,1121, 906, 849, 883  ],
[1510,2670,3716, 417,3765,1238,2931,1216,2902,1416,2102,3050,3639,3816,2198, 839,2192,1218, 780,2911,1836, 842,2345,1399,2567,   0,3081,1869,3528,3504,1078,2110,3738,3273,3085,1670,3741,1493,3395,2373,4149,1173,3734,2775,2311,3583,1811,3915,1201,2879,2579,3784, 825,2343,3195, 812,2849,2144,1956,2649,2448,2765,1390,2425, 283, 323,1861,2915,2463, 669,4080,1684,2737,1896, 890,3715,2558,3747,1043,1002,2574,3240,3200,1427,3058,3018,2718, 882,1255,1148,2177,1217,1886, 975,3462,3679, 702,2237,1786,4071,3426,1710,3806,1608,1775,1061,3421,2140,2100,2525,1637,3471,1573,2668,3492,3068,2979, 196, 576,3478,3483,1122,3637,  41,2592,3349,1910,3906, 183,1503,1928,3567,1467, 872,3100,3877,1010,1605, 954,2924,1957,1707, 724,2587,2739,3770,3471,1664,3222,2892  ],
[1571,1737, 846,2675,1675,1899, 345,1904, 394,2003,1427, 136,2008,1046,1436,2730,1449,2495,2366, 180,1754,2797, 878,2437, 885,3081,   0,1234, 778,1124,2265,1257,2047, 503, 178,2220,1714,2400,1284,1594,1279,2055, 769,1510,1057, 717,1363,1299,1945,1394, 671,1482,2509,1697, 335,2323, 349,1024,1788, 539, 857, 388,1743,1525,2821,2853,1369,1079,1230,2897,1242,1825,1280,1749,2198,2108, 540,1471,2427,2285, 927,1836, 358,2113,1035,  81, 546,2679,2102,2094,1067,1864,1208,2785,2025,1432,2381, 971,2480,1299,1185,2588,1977,2487,1397,2285,1052,1167,1178, 576,2630, 891,1712,1456, 438,1599, 384,2933,2563, 420,1119,2115, 648,3041, 676,1975,1939, 887,3115,1579,1157, 895,1890,2485, 680, 970,2521,1950,2170, 634,1758,1454,2413,1543, 543,2012,1602,1567, 258, 233  ],
[415,1363,1855,1478,2113, 811,1062, 670,1033,1117,1026,1188,2170,1972,1125,1674,1132,1567,1218,1058,1138,1745, 749,1588, 779,1869,1234,   0,1676,1728,1049, 851,2253,1408,1272,1508,2111,1595,1689,1041,2296, 829,1866,1300, 885,1719, 571,2109, 857,1320, 721,2059,1425,1099,1325,1091, 980, 302,1265, 911, 627, 981, 685,1031,1625,1673, 300,1208, 858,1799,2232,1099,1141,1181,1015,2267, 760,2027,1419,1060, 806,1816,1331,1256,1320,1181, 854,1634, 905,1054, 709, 659,  47,1773,2061,1962,1167, 683,1808,2235,1682,1869,2267,1731, 229,1258,1639, 437, 739, 736,1875,1645, 851,1183,1628,1572,1111,1710,1332,1616,1710, 889,1767,1828, 738,1961,1379,2036,1924, 386, 281,1730, 728,1415,1265,2014,1511, 869, 937,1083,1236, 255,1181,1174, 876,2258,1870, 405,1355,1076  ],
[2080,1500, 214,3149, 972,2458, 663,2312, 671,2651,2158, 685,1397, 301,2183,3322,2196,3142,2893, 827,2464,3392,1591,3110, 980,3528, 778,1676,   0, 440,2567,1973,1409, 300, 937,2926,1025,3086, 683,1517, 621,2394, 337,1244,1793, 148,1995, 522,2505,1086, 955, 742,3082,1614, 456,2724, 756,1386,2518,1282,1080,1137,2312,1436,3296,3349,1676, 808,1210,3464, 555,2512,1074,2469,2692,1485,1212, 742,3039,2611, 986,1355, 436,2775, 670, 854, 825,3276,2383,2684,1765,2335,1670,3400,1477, 719,2832,1666,3201, 569, 556,3301,1308,3188,1753,2885, 412,1403,1876,1246,3334, 192,2355,1254, 515,1183, 595,3358,2968, 533, 446,2452, 352,3487, 939,1464,2668, 527,3596,2062,1717, 126,2152,3066, 437, 369,3134,2130,2576, 605,2486,1821,2814,1369, 803,1359,1001,1881, 519, 992  ],
[2144,1190, 592,3152, 553,2538, 894,2301, 878,2792,2390,1005, 956, 482,2432,3403,2444,3271,2937,1116,2665,3474,1825,3263, 955,3504,1124,1728, 440,   0,2482,2194, 970, 625,1299,3113, 597,3251, 261,1291, 793,2337, 754, 944,2042, 585,2146, 427,2584, 783,1043, 368,3154,1375, 790,2692, 977,1426,2739,1560,1101,1430,2405,1213,3295,3361,1650, 601,1061,3524, 711,2691, 838,2680,2720,1045,1446, 351,3142,2538, 938, 941, 767,2924, 450,1189, 956,3363,2294,2778,1979,2362,1734,3499,1042, 307,2828,1882,3401, 643, 136,3490, 875,3367,1748,2982,  90,1370,2085,1476,3514, 255,2500, 989, 948, 808, 822,3322,2931, 963,  21,2393, 791,3463,1021,1038,2885, 920,3593,2111,1836, 329,2064,3144, 517, 690,3235,1998,2553, 684,2707,1816,2780,1105, 934, 922, 563,1840, 883,1305  ],
[886,1592,2769, 844,2700, 944,2040, 464,2002,1366,1771,2201,2561,2838,1884,1387,1885,1548, 889,2085,1671,1442,1739,1676,1587,1078,2265,1049,2567,2482,   0,1675,2660,2344,2318,1793,2673,1739,2349,1297,3180, 229,2815,1702,1806,2644,1314,2904, 948,1813,1661,2737,1165,1265,2299, 366,1973,1246,1822,1955,1500,2031,1000,1353, 951,1052, 910,1882,1422,1380,3106,1546,1682,1736, 697,2637,1810,2699,1321,  87,1584,2161,2300,1471,2031,2219,1808,1383, 187,1092,1632, 648,1086,1542,2384,2631, 583,1648,2044,3081,2391,2037,2729,1894, 868,1200,2404,1167,1605,1785,1998,2483,1302,1598,2629,1993,2074, 883, 521,2619,2461, 177,2733,1039,1670,2271,1862,3001,1211, 827,1240,2587, 418,1192,2130,2931,1371, 526, 363,1966,1805, 811, 411,1513,1825,2692,2401, 704,2349,2123  ],
[790,2165,2086,1696,2683, 880,1320,1210,1325, 795, 201,1304,2854,2267, 280,1562, 289,1269,1331,1153, 496,1624, 383,1190,1390,2110,1257, 851,1973,2194,1675,   0,2924,1672,1174, 962,2698,1146,2246,1864,2531,1451,2025,2054, 221,1950, 361,2484, 913,2031,1190,2559,1383,1933,1524,1534,1229,1005, 546, 719,1230, 869, 743,1840,1828,1822,1151,1825,1610,1756,2487, 577,1854, 496,1252,2956, 761,2537,1247,1646,1436,2545,1541, 882,1887,1177,1243,1506,1594, 979, 215,1049, 805,1585,2783,2480,1484, 312,1228,2531,2195,1333,2906,1229,1065,1132,2105,1227, 121, 728,1372,2024, 547,1945,1692,2289,1392,2014,1723,1672,2180,1497,1905,2076,1213,2696, 695,2141,2090, 856, 570,2069,1489,1348,1676,2222,1336,1673,1403,1514, 515,1064,1604,1963,1264,2914,2498,1214,1492,1025  ],
[2640,1069,1532,3458, 474,3029,1756,2648,1723,3371,3126,1916, 100,1360,3190,3848,3202,3808,3336,1997,3344,3916,2596,3840,1536,3738,2047,2253,1409, 970,2660,2924,   0,1571,2225,3753, 407,3848, 764,1371,1551,2591,1702, 987,2817,1551,2780,1126,3071, 934,1740, 733,3593,1395,1726,2960,1818,1979,3445,2398,1700,2291,2927,1329,3586,3675,2056,1100,1400,3923,1481,3334,1111,3373,3103,  92,2246, 712,3637,2736,1493, 499,1703,3510,1058,2101,1719,3819,2484,3278,2713,2774,2277,3971, 311, 707,3143,2625,4052,1366, 873,4120, 149,3984,2175,3475,1017,1819,2806,2268,4128,1225,3100,1105,1917, 693,1691,3543,3172,1933, 966,2633,1755,3699,1717, 414,3580,1843,3865,2585,2451,1291,2285,3595,1372,1588,3723,2133,2851,1475,3414,2233,3037,1163,1702,  71, 446,2189,1827,2192  ],
[1803,1451, 448,2886,1178,2175, 366,2059, 381,2355,1859, 395,1542, 598,1884,3035,1897,2847,2617, 530,2163,3105,1291,2813, 774,3273, 503,1408, 300, 625,2344,1672,1571,   0, 675,2625,1220,2787, 809,1401, 896,2159, 471,1200,1494, 311,1699, 816,2222,1055, 694, 978,2798,1503, 168,2476, 459,1129,2217, 986, 844, 843,2026,1322,3033,3081,1439, 741,1060,3182, 838,2213, 995,2169,2422,1639, 911, 968,2749,2382, 793,1424, 145,2478, 643, 573, 554,2989,2164,2396,1465,2068,1397,3110,1585, 931,2573,1365,2900, 865, 699,3000,1491,2888,1505,2596, 559,1178,1576, 945,3034, 388,2059,1181, 403,1212, 303,3107,2721, 410, 621,2219, 399,3231, 682,1551,2367, 660,3333,1790,1428, 402,1936,2781, 291, 606,2844,1938,2326, 392,2186,1572,2567,1288, 533,1531,1135,1646, 258, 703  ],
[1576,1893, 983,2674,1851,1879, 508,1934, 555,1944,1329, 312,2186,1192,1326,2688,1339,2432,2351, 293,1666,2754, 808,2363,1023,3085, 178,1272, 937,1299,2318,1174,2225, 675,   0,2131,1890,2320,1462,1733,1400,2101, 884,1671, 962, 862,1324,1454,1923,1560, 791,1653,2477,1834, 508,2349, 493,1096,1687, 463, 973, 324,1722,1667,2819,2844,1440,1249,1370,2863,1370,1749,1440,1656,2196,2286, 527,1644,2380,2332,1068,2011, 532,2047,1211, 141, 683,2635,2162,2060, 999,1875,1240,2733,2201,1606,2390, 909,2380,1437,1362,2493,2155,2398,1454,2244,1229,1263,1108, 559,2539,1062,1661,1612, 532,1772, 556,2945,2584, 510,1294,2161, 762,3046, 800,2151,1837, 975,3109,1592,1156,1058,1959,2450, 858,1093,2473,2035,2195, 803,1658,1507,2436,1695, 683,2190,1781,1630, 421, 196  ],
[1172,2857,3047,1336,3569, 876,2265,1410,2265, 441, 804,2265,3672,3222, 830, 876, 818, 478,1007,2113, 465, 910,1344, 313,2231,1670,2220,1508,2926,3113,1793, 962,3753,2625,2131,   0,3576, 227,3133,2525,3492,1634,2988,2809,1169,2910, 977,3429, 858,2824,2076,3472, 849,2565,2482,1485,2173,1773, 461,1681,2067,1832, 898,2527,1411,1347,1755,2676,2366,1090,3448, 423,2645, 475,1115,3771,1715,3446, 627,1725,2270,3324,2498, 322,2763,2139,2157, 821,1814, 702,1162,1205,1479, 813,3569,3385,1315,1261, 299,3488,3099, 377,3756, 267,1637, 651,3023,1945,1050,1681, 410,2963, 657,2691,2653,3078,2336,1663,1549,2633,3098,1649,2868,1650,2099,3470, 329,3102,1571,1245,1304,3016,1834, 802,2601,3184, 665,2055,1432,2429, 485,1597,1507,2677,2180,3753,3352,1703,2453,1987  ],
[2518,1143,1133,3428,  69,2914,1453,2590,1427,3220,2899,1589, 433, 954,2953,3761,2965,3679,3264,1688,3146,3830,2348,3693,1346,3741,1714,2111,1025, 597,2673,2698, 407,1220,1890,3576,   0,3692, 454,1381,1147,2571,1304, 974,2568,1162,2598, 720,2958, 861,1510, 325,3506,1432,1383,2940,1526,1818,3235,2114,1510,1995,2797,1320,3563,3643,1960, 905,1302,3856,1075,3153,1012,3169,3036, 496,1980, 305,3525,2742,1311, 646,1359,3357, 814,1775,1461,3726,2489,3161,2484,2690,2128,3872, 602, 307,3105,2390,3871, 962, 530,3950, 285,3819,2073,3363, 661,1697,2584,2006,3966, 851,2937,1075,1539, 698,1383,3550,3166,1556, 599,2619,1363,3700,1487, 656,3376,1438,3852,2471,2273, 902,2273,3503,1063,1182,3615,2153,2817,1196,3203,2137,3022,1165,1440, 346, 272,2121,1479,1881  ],
[1224,2917,3215,1189,3688, 878,2423,1397,2419, 478,1004,2437,3765,3385,1042, 674,1031, 276, 896,2283, 657, 700,1521,  96,2345,1493,2400,1595,3086,3251,1739,1146,3848,2787,2320, 227,3692,   0,3255,2581,3664,1603,3164,2888,1360,3077,1104,3581, 849,2915,2208,3604, 692,2613,2649,1406,2330,1876, 679,1864,2182,2014, 938,2590,1248,1173,1817,2787,2451, 884,3616, 575,2737, 679,1044,3861,1882,3577, 471,1664,2380,3405,2664, 338,2884,2320,2299, 622,1783, 659,1334,1200,1571, 594,3651,3515,1218,1431, 313,3652,3228, 301,3860, 155,1697, 545,3160,2030,1222,1847, 284,3112, 755,2769,2836,3165,2492,1505,1436,2817,3234,1610,3046,1477,2231,3548, 555,3286,1381,1291,1420,3171,1832, 646,2744,3356, 484,2053,1376,2568, 700,1650,1416,2745,2322,3853,3459,1740,2626,2168  ],
[2102, 961, 850,3060, 437,2499,1005,2212, 977,2786,2446,1154, 733, 740,2499,3356,2511,3254,2871,1243,2698,3426,1894,3260, 913,3395,1284,1689, 683, 261,2349,2246, 764, 809,1462,3133, 454,3255,   0,1104,1037,2222,1009, 727,2114, 831,2156, 634,2544, 573,1060, 388,3103,1179, 962,2585,1075,1391,2784,1663,1074,1546,2375,1031,3200,3273,1567, 488, 932,3463, 955,2709, 669,2719,2647, 829,1526, 351,3109,2411, 883, 680, 939,2922, 371,1340,1006,3319,2162,2744,2031,2294,1702,3460, 794, 283,2736,1937,3426, 874, 128,3508, 696,3379,1675,2947, 271,1294,2132,1552,3526, 491,2500, 792,1171, 554, 937,3209,2819,1185, 247,2275,1036,3354,1037, 781,2926,1180,3495,2060,1834, 583,1936,3097, 616, 951,3200,1846,2453, 742,2752,1741,2671, 903, 986, 728, 326,1744,1064,1437  ],
[1358, 336,1730,2087,1413,1720,1258,1288,1208,2107,2052,1473,1274,1727,2144,2498,2152,2500,1979,1440,2179,2565,1647,2558, 710,2373,1594,1041,1517,1291,1297,1864,1371,1401,1733,2525,1381,2581,1104,   0,2065,1219,1832, 406,1840,1636,1612,1716,1757, 535, 948,1480,2244, 103,1443,1589,1245, 867,2306,1620, 780,1594,1643,  80,2215,2303, 770, 714, 364,2560,1984,2130, 454,2223,1745,1357,1430,1441,2311,1370, 667, 878,1431,2246, 864,1594,1050,2473,1117,1965,1686,1434,1080,2629,1114,1375,1772,1626,2823,1931,1175,2871,1433,2728, 888,2152,1230, 638,1745,1431,2866,1374,1871, 313,1785, 695,1245,2179,1803,1785,1269,1262,1790,2333, 936,1004,2419,2029,2495,1290,1304,1490, 914,2251,1117,1880,2392, 773,1481,1025,2277, 931,1666, 216,1052,1399,1108, 851,1534,1586  ],
[2697,1984, 450,3771,1079,3071,1261,2933,1277,3244,2705,1227,1580, 343,2715,3931,2728,3737,3511,1380,3027,4001,2148,3695,1594,4149,1279,2296, 621, 793,3180,2531,1551, 896,1400,3492,1147,3664,1037,2065,   0,3011, 515,1736,2335, 590,2589, 432,3118,1575,1575, 826,3694,2155,1017,3344,1353,2008,3066,1817,1701,1666,2922,1986,3917,3969,2295,1354,1794,4078,  82,3088,1611,3026,3312,1642,1781, 854,3643,3226,1596,1688,1003,3363,1202,1360,1443,3885,2994,3292,2331,2955,2288,4005,1728, 883,3454,2233,3757, 185, 926,3864,1414,3758,2374,3492, 839,2020,2443,1816,3902, 702,2948,1774, 871,1592,1199,3978,3588, 893, 813,3069, 637,4108,1560,1754,3217, 480,4217,2681,2324, 593,2763,3677,1052, 309,3738,2728,3197,1226,3036,2442,3435,1891,1421,1485,1267,2499,1039,1511  ],
[661,1536,2591, 867,2593, 764,1843, 247,1807,1197,1553,1996,2494,2672,1666,1333,1668,1438, 813,1875,1473,1394,1510,1549,1417,1173,2055, 829,2394,2337, 229,1451,2591,2159,2101,1634,2571,1603,2222,1219,3011,   0,2629,1614,1578,2463,1090,2754, 777,1710,1469,2611,1092,1204,2105, 370,1772,1044,1624,1730,1316,1809, 799,1265, 996,1083, 720,1744,1290,1362,2939,1356,1564,1537, 591,2576,1588,2574,1217, 231,1419,2097,2106,1313,1889,2006,1614,1319, 180, 944,1403, 447, 864,1480,2329,2506, 558,1419,1899,2921,2255,1904,2649,1758, 662,1080,2256, 990,1379,1563,1873,2320,1102,1503,2428,1909,1880, 986, 597,2417,2316,  60,2542,1132,1479,2216,1675,2811,1281, 599,1011,2421, 306,1111,1958,2753,1280, 495, 271,1789,1606, 601, 451,1430,1632,2618,2302, 513,2150,1905  ],
[2250,1834, 171,3343,1244,2610, 805,2524, 832,2755,2196, 731,1701, 379,2203,3462,2216,3249,3062, 884,2522,3530,1644,3199,1242,3734, 769,1866, 337, 754,2815,2025,1702, 471, 884,2988,1304,3164,1009,1832, 515,2629,   0,1578,1826, 198,2105, 666,2657,1421,1161, 994,3231,1932, 543,2942, 891,1594,2557,1308,1315,1157,2458,1752,3490,3534,1909,1133,1509,3617, 489,2589,1399,2518,2875,1784,1286,1003,3167,2853,1257,1687, 535,2870,1002, 850,1018,3413,2636,2822,1830,2524,1851,3527,1797, 997,3033,1733,3249, 571, 881,3357,1590,3255,1973,3018, 742,1649,1942,1322,3398, 524,2461,1582, 357,1521, 755,3572,3187, 379, 764,2689, 122,3693,1150,1790,2708, 196,3789,2242,1859, 426,2407,3211, 721, 211,3261,2406,2791, 858,2527,2039,3033,1695, 999,1647,1317,2117, 541,1002  ],
[1668, 256,1452,2479,1007,2050,1165,1660,1116,2409,2252,1376, 894,1410,2332,2861,2342,2831,2349,1386,2426,2929,1778,2873, 708,2775,1510,1300,1244, 944,1702,2054, 987,1200,1671,2809, 974,2888, 727, 406,1736,1614,1578,   0,1989,1380,1855,1357,2091, 161, 960,1089,2606, 463,1285,1984,1182,1057,2542,1671, 845,1608,1956, 349,2609,2695,1077, 458, 447,2936,1653,2398, 232,2463,2116, 985,1489,1049,2654,1773, 657, 517,1268,2549, 575,1531,1011,2832,1520,2299,1856,1787,1331,2985, 762, 984,2160,1781,3109,1587, 816,3168,1036,3028,1197,2494, 898, 864,1933,1500,3170,1076,2152, 119,1602, 296,1129,2582,2203,1607, 923,1659,1558,2735, 940, 660,2667,1771,2893,1608,1529,1192,1310,2609, 909,1588,2739,1179,1869, 881,2511,1252,2063, 190,1003,1008, 702,1202,1387,1562  ],
[923,2124,1895,1895,2548,1074,1153,1347,1165,1017, 370,1114,2751,2083, 391,1783, 404,1490,1535, 967, 705,1845, 220,1408,1299,2311,1057, 885,1793,2042,1806, 221,2817,1494, 962,1169,2568,1360,2114,1840,2335,1578,1826,1989,   0,1761, 515,2310,1110,1949,1077,2410,1600,1918,1340,1698,1066, 973, 731, 518,1147, 669, 928,1808,2030,2030,1180,1718,1556,1975,2295, 796,1777, 694,1440,2854, 595,2389,1468,1785,1348,2463,1358,1104,1766, 976,1107,1727,1706,1191, 179,1204, 837,1807,2696,2336,1667, 214,1423,2344,2054,1533,2789,1436,1112,1350,1955,1204, 213, 566,1577,1858, 762,1886,1486,2205,1227,2207,1900,1465,2029,1629,1705,2276,1100,2614, 882,1934,2298, 979, 610,1895,1577,1566,1525,2026,1557,1744,1560,1373, 701,1124,1774,1916,1127,2802,2382,1277,1299, 824  ],
[2114,1636, 139,3197,1107,2484, 672,2369, 690,2654,2130, 647,1541, 329,2146,3343,2159,3147,2928, 797,2445,3412,1567,3107,1062,3583, 717,1719, 148, 585,2644,1950,1551, 311, 862,2910,1162,3077, 831,1636, 590,2463, 198,1380,1761,   0,1999, 598,2531,1223,1004, 868,3107,1735, 428,2784, 763,1438,2491,1244,1146,1095,2334,1556,3344,3393,1743, 935,1317,3492, 538,2502,1201,2446,2733,1629,1195, 871,3054,2684,1074,1503, 414,2774, 804, 797, 865,3296,2462,2703,1748,2379,1709,3415,1625, 854,2883,1649,3179, 583, 704,3283,1446,3175,1813,2902, 560,1477,1860,1230,3320, 340,2358,1383, 391,1329, 612,3416,3029, 411, 593,2523, 205,3542, 990,1612,2641, 393,3644,2101,1736, 259,2232,3089, 530, 295,3149,2223,2635, 679,2460,1880,2875,1497, 844,1499,1148,1950, 463, 944  ],
[429,1932,2138,1394,2591, 574,1332, 849,1324, 656, 485,1375,2702,2295, 595,1367, 599,1148,1046,1222, 571,1434, 537,1120,1254,1811,1363, 571,1995,2146,1314, 361,2780,1699,1324, 977,2598,1104,2156,1612,2589,1090,2105,1855, 515,1999,   0,2481, 614,1858,1104,2500,1152,1669,1572,1184,1239, 803, 693, 865,1089, 999, 420,1601,1533,1543, 859,1698,1408,1539,2536, 554,1678, 611, 930,2802, 824,2473,1064,1286,1293,2364,1585, 782,1786,1289,1195,1315,1234, 735, 365, 693, 533,1422,2608,2412,1154, 429,1274,2564,2125,1351,2780,1223, 757, 921,2056, 995, 302, 788,1370,2011, 359,1740,1801,2114,1399,1698,1385,1783,2130,1136,1991,1775,1127,2512, 812,2245,1811, 496, 329,2075,1139,1126,1640,2286,1158,1333,1048,1464, 664, 742,1259,1739,1218,2779,2375, 885,1564,1144  ],
[2522,1595, 507,3555, 652,2911,1164,2706,1163,3136,2672,1207,1150, 287,2700,3778,2713,3622,3326,1346,2970,3848,2104,3601,1352,3915,1299,2109, 522, 427,2904,2484,1126, 816,1454,3429, 720,3581, 634,1716, 432,2754, 666,1357,2310, 598,2481,   0,2958,1199,1398, 395,3532,1798, 977,3103,1256,1808,3030,1802,1485,1658,2771,1638,3700,3762,2056,1027,1486,3908, 356,3011,1264,2978,3114,1216,1722, 422,3506,2958,1341,1261, 957,3263, 875,1375,1288,3735,2716,3145,2273,2755,2109,3866,1296, 451,3233,2174,3708, 251, 542,3805, 993,3689,2149,3349, 500,1775,2383,1755,3836, 470,2840,1411, 984,1183,1092,3736,3345,1005, 448,2810, 760,3874,1378,1323,3179, 755,3999,2495,2187, 415,2485,3520, 848, 495,3600,2424,2962,1030,2998,2217,3192,1525,1265,1062, 836,2251,1040,1514  ],
[442,2094,2669, 785,2964,  47,1859, 553,1840, 420, 931,1938,2982,2805,1037, 820,1034, 742, 431,1789, 745, 890,1151, 810,1636,1201,1945, 857,2505,2584, 948, 913,3071,2222,1923, 858,2958, 849,2544,1757,3118, 777,2657,2091,1110,2531, 614,2958,   0,2138,1560,2916, 576,1781,2114, 687,1769,1159, 892,1471,1483,1599, 201,1774, 921, 928,1015,2059,1673, 961,3058, 607,1965, 811, 349,3075,1406,2884, 567, 888,1661,2607,2124, 539,2176,1875,1680, 778, 956, 208, 977, 352, 850, 916,2851,2818, 585,1043,1130,3071,2539,1149,3097,1002, 895, 405,2495,1262, 898,1371,1129,2490, 400,1971,2375,2379,1918,1101, 832,2359,2566, 795,2548,1166,1579,2745, 916,2811,1197, 488, 797,2569, 984, 562,2110,2824, 657,1206, 598,1928, 880, 838, 737,1935,1703,3082,2709, 907,2122,1737  ],
[1706, 416,1292,2568, 887,2096,1051,1736,1005,2437,2231,1258, 849,1248,2305,2924,2315,2873,2419,1282,2426,2993,1733,2906, 650,2879,1394,1320,1086, 783,1813,2031, 934,1055,1560,2824, 861,2915, 573, 535,1575,1710,1421, 161,1949,1223,1858,1199,2138,   0, 891, 945,2669, 606,1150,2079,1079,1054,2535,1598, 803,1523,1992, 466,2703,2784,1125, 319, 466,3009,1492,2408, 179,2459,2187, 947,1422, 905,2705,1881, 601, 514,1132,2577, 420,1421, 921,2893,1628,2345,1826,1849,1345,3043, 753, 839,2247,1746,3124,1426, 657,3189, 961,3052,1243,2543, 737, 885,1910,1437,3196, 916,2170, 221,1459, 258,1010,2688,2304,1465, 762,1758,1405,2838, 869, 665,2665,1613,2991,1651,1529,1031,1411,2669, 768,1427,2792,1297,1957, 759,2504,1302,2160, 329, 910, 944, 593,1270,1254,1464  ],
[1128,1146,1137,2195,1498,1513, 382,1365, 341,1749,1391, 570,1674,1250,1451,2380,1462,2230,1939, 501,1637,2450, 856,2220, 254,2579, 671, 721, 955,1043,1661,1190,1740, 694, 791,2076,1510,2208,1060, 948,1575,1469,1161, 960,1077,1004,1104,1398,1560, 891,   0,1396,2136,1048, 638,1781, 330, 434,1724, 711, 186, 655,1373, 887,2342,2393, 751, 641, 591,2515,1510,1653, 731,1658,1736,1777, 531,1369,2108,1695, 305,1397, 638,1881, 697, 657, 146,2337,1486,1747, 976,1380, 716,2467,1624,1309,1880, 886,2368,1515,1022,2453,1717,2327, 812,1950, 952, 511,1073, 545,2474, 930,1456, 876, 972,1140, 412,2412,2026, 965,1026,1529,1073,2537,  23,1547,1866,1342,2642,1107, 794,1010,1262,2122, 550,1298,2202,1295,1631, 368,1692, 878,1872, 939, 163,1727,1309, 958, 693, 638  ],
[2474,1302, 823,3447, 259,2870,1263,2598,1246,3141,2757,1366, 755, 633,2800,3731,2812,3615,3252,1483,3027,3801,2193,3614,1280,3784,1482,2059, 742, 368,2737,2559, 733, 978,1653,3472, 325,3604, 388,1480, 826,2611, 994,1089,2410, 868,2500, 395,2916, 945,1396,   0,3479,1550,1146,2974,1346,1757,3104,1928,1435,1798,2742,1410,3587,3659,1951, 872,1321,3843, 752,3049,1056,3044,3030, 821,1814,  40,3478,2799,1255, 894,1123,3275, 741,1550,1318,3693,2550,3113,2344,2675,2068,3832, 905, 106,3123,2248,3762, 642, 377,3848, 605,3724,2056,3317, 454,1675,2450,1844,3871, 591,2851,1167,1256, 863,1190,3598,3208,1274, 380,2663,1063,3743,1373, 940,3250,1118,3882,2435,2185, 616,2324,3472, 884, 860,3570,2232,2841,1046,3072,2123,3059,1273,1296, 670, 466,2131,1233,1670  ],
